2.697164504649293804e+00 1.326992274617437602e+02
-1.413092003724537360e+00 9.438657807025896318e+01
-2.342313039707139222e+00 7.035930535561858790e+01
2.045498029311598742e+00 1.043161906444188816e+02
4.453947116672406281e+00 2.273129216672278403e+02
5.125703133968544378e-01 9.930711077682789778e+01
-3.116557609153177921e+00 3.627500683530556813e+01
-3.090791974387428365e+00 3.714708690438965988e+01
2.704435005548540438e+00 1.348036981240277328e+02
2.527264378372173326e+00 1.126919106852122354e+02
-5.489228178930849467e-01 9.875670945591424754e+01
-2.659472697355802495e-02 1.021384483276615072e+02
-3.502149262107935090e+00 5.659194304986861823e+00
1.820877817319098924e+00 1.087183216625460034e+02
1.632099899233408813e+00 9.384414346251912775e+01
4.245526090894015780e+00 2.063438411993656700e+02
3.033775941019655420e+00 1.379648079268049514e+02
-3.758338754320842412e-01 1.067077189964884951e+02
3.187221775787955735e+00 1.353979456785995694e+02
3.767203663312031381e+00 1.835906028593205690e+02
2.715404533221087213e+00 1.300137102889473795e+02
3.798326509266699347e+00 1.810164028475956286e+02
4.635326981211495223e+00 2.346365354557089518e+02
3.709422314060129011e+00 1.803033479842837608e+02
-1.787076365769971531e+00 8.230924330868904804e+01
-2.501243638311713369e+00 6.541863081642736688e+01
7.874462684473018115e-01 9.934822553261047062e+01
3.184288064898787241e+00 1.445277536687148370e+02
4.404456689498591260e+00 2.148393144532612382e+02
-1.126226099822701610e+00 9.151182062115680083e+01
3.101123738823199361e+00 1.415992046149730470e+02
3.990038138241558840e+00 1.903457979805897367e+02
-1.136430311611117627e+00 9.858864376131498375e+01
2.202005127616423863e+00 1.097918135702390572e+02
3.043725047513360593e+00 1.353903098869124904e+02
-4.895024171226673992e+00 -1.229975847099986908e+02
-7.531983826324317732e-02 1.081160700255483960e+02
-1.174058342580900138e+00 1.082263880758909380e+02
-2.601117361190831367e+00 6.329139179681053662e+01
-4.244505669715175067e+00 -5.282756579882345704e+01
1.390642737790022565e+00 1.035595040326628862e+02
-2.006466919220908363e+00 8.854830059898330319e+01
1.555440758172935922e+00 1.050281440361572152e+02
-2.578476766285282551e-01 9.258419028224228953e+01
-1.840776030306508826e+00 8.866886454496957981e+01
7.035166264875831743e-01 9.923483163154428155e+01
-4.205219454329774287e+00 -4.478984917283988665e+01
-2.260870674370849542e-01 9.183700360272536045e+01
-1.654931823109988542e+00 9.063885961202031183e+01
-5.937575734384381576e-02 9.595925377368348563e+01
