0.848438037
0.536260824
0.659305021
0.830423188
0.736874156
0.687451796
0.699266857
0.81114801
0.753879808
0.680195625
0.746583223
0.801452221
0.740288054
0.76009047
0.859689164
0.817402599
0.836226981
0.675369306
0.698780287
0.85340759
0.7143185
0.888903861
0.530548612
0.687817471
0.618463035
0.623422114
0.910121863
0.764845817
0.720845179
0.674845077
0.864300371
0.84549484
0.759765622
0.871867285
0.652014207
0.664217746
0.933275147
0.786545966
0.725824587
0.821443626
0.692613683
0.89185861
0.722462323
0.903900037
0.684895336
0.849385919
0.703681049
0.687856346
0.909419416
0.629961602
0.692900941
0.650056174
0.721395031
0.633192465
0.64754318
0.923593561
0.623957104
0.101088589
0.902156995
0.686753553
0.765172222
0.493392196
0.81599383
0.722414851
0.640858243
0.850263655
0.661280623
0.784720601
0.71054919
0.871252971
0.409408544
0.666430403
0.841333579
0.887918112
0.61550801
0.793132707
0.736891093
0.857978263
0.871663849
0.728342374
0.848484644
0.845379246
0.936291101
0.887663373
0.914487123
0.859359588
0.838027793
0.790655851
0.754169097
0.597535019
0.750362388
0.820620019
0.501125439
0.886584996
0.653430743
0.518741781
0.815067945
0.763249667
0.779172289
0.802090161
0.709848058
0.810786703
0.730938002
0.756365016
0.73629239
0.812676772
0.783351326
0.840638382
0.658280695
0.875253222
0.859665953
0.903305023
0.753262501
0.601213279
0.838271762
0.836763206
0.149350008
0.246953346
0.715628463
0.690866015
0.6907551
0.767546293
0.853279025
0.671463828
0.627658531
0.586383265
0.72026574
0.711710857
0.602512117
0.52532802
0.780326285
0.807007196
0.750993011
0.720987655
0.582928701
0.811794924
0.635400391
0.739029284
0.859990865
0.818538254
0.762116201
0.832855063
0.801264003
0.857002063
0.629645036
0.78323389
0.821046765
0.787652462
0.718375202
0.825618773
0.795852272
0.557997458
0.64935139
0.629546042
0.626589551
0.839686188
0.657556919
0.792162215
0.832282135
0.930100555
0.810260841
0.697121558
0.560577403
0.876748892
0.94024024
0.820584421
0.923078761
0.694681387
0.747193318
0.778765248
0.762918101
0.786494046
0.612667189
0.745813712
0.648612716
0.732056627
0.630340462
0.668038564
0.857140006
0.751071364
0.704225489
0.688047593
0.688786209
0.842556365
0.712580397
0.636498682
0.831091249
0.91329364
0.666504073
0.845247966
0.767137276
0.851884221
0.797736738
0.881647873
0.757599476
0.815001813
0.900461285
0.838446689
0.849939055
0.826332903
0.850841254
0.865920464
0.880138379
0.768882035
0.621112454
0.907669503
0.727062116
0.590440501
0.606988419
0.68400609
0.592706055
0.665993844
0.862083863
0.890433847
0.540238384
0.780046694
0.911898123
0.819089988
0.74528999
0.315045802
0.856656314
0.822999391
0.694385962
0.850655535
0.765640951
0.806980893
0.716318642
0.60304119
0.859010989
0.821698306
0.695200816
0.775049138
0.869537161
0.875545487
0.702905849
0.545418339
0.83876662
0.623604499
0.69814301
0.832146861
0.855904296
0.709783908
0.715620349
0.692823485
0.943100996
0.755056723
0.792934383
0.814878083
0.78139879
0.754881329
0.595173403
0.787467905
0.945945946
0.71635883
0.729076994
0.742049687
0.930329972
0.727884922
0.645410866
0.676921854
0.778116563
0.802921558
0.565376789
0.744372273
0.884601867
0.944944945
0.658920653
0.676223774
0.757566688
0.892240497
0.797103879
0.752718737
0.767560338
0.633054974
0.768870473
0.788490136
0.9220665
0.689791129
0.863437789
0.748096873
0.657768895
0.845285548
0.61358494
0.62504542
0.908582734
0.723785086
0.781991953
0.932869431
0.732388278
0.920931179
0.823700372
0.821657633
0.90403919
0.710402692
0.848247089
0.292990368
0.754562109
0.80232653
0.776616936
0.621457611
0.873151461
0.600502065
0.910614443
0.632436309
0.828941542
0.794343934
0.762031523
0.929139422
0.580810592
0.536173609
0.607754942
0.842719321
0.620931779
0.727653887
0.829125897
0.663664851
0.694913671
0.874787834
0.729606803
0.935135135
0.921071874
0.754029047
0.608199338
0.775503836
0.794896635
0.641098087
0.866152575
0.74176729
0.841114293
0.894593262
0.428438846
0.763212329
0.838891595
0.832402007
0.831725195
0.490314628
0.933545559
0.681944881
0.566678183
0.635777777
0.851282009
0.810514598
0.51187656
0.733599274
0.776784105
0.781154368
0.51193625
0.748598568
0.539859616
0.710798146
0.712106143
0.746631236
0.648654852
0.612937077
0.795862835
0.737441324
0.657966517
0.732863481
0.57919321
0.66468415
0.862030076
0.746884618
0.671321152
0.924109227
0.710365097
0.654782606
0.836669177
0.685789615
0.820053467
0.639620795
0.850789522
0.600223083
0.693228583
0.566540127
0.840402315
0.691618604
0.857254099
0.904829927
0.891775913
0.570673794
0.760105726
0.883187292
0.897564445
0.86078829
0.876577912
0.788173388
0.731662525
0.746840252
0.804906733
0.658278235
0.593799732
0.78867256
0.741375372
0.676082825
0.884254882
0.790019017
0.878518788
0.68851107
0.864452532
0.64981437
0.910044531
0.657595464
0.810089602
0.815131741
0.838321822
0.870515464
0.808208708
0.778083846
0.820837622
0.766274854
0.7338264
0.762994413
0.743963859
0.726459925
0.694748129
0.827556989
0.885842942
0.728964796
0.583853353
0.915757437
0.593469904
0.853969571
0.648582282
0.831023848
0.806660203
0.330832801
0.72027334
0.918424278
0.51193625
0.730778054
0.699529047
0.877930279
0.768940337
0.449203372
0.746924053
0.695315631
0.667439467
0.725111039
0.671435418
0.854849394
0.843358575
0.847119772
0.826663857
0.6290623
0.921661527
0.885026742
0.706399135
0.865372831
0.7698914
0.810158791
0.706949491
0.732588339
0.786378715
0.69141482
0.784828383
0.617418047
0.816056725
0.798551955
0.829663108
0.771559644
0.909075037
0.879647396
0.826954898
0.87420816
0.810228806
0.757081043
0.598860476
0.622762288
0.599278045
0.621321858
0.623594422
0.776915216
0.795905553
0.475805188
0.786551031
0.637422129
0.661845457
0.717961221
0.712810044
0.762990914
0.741888087
0.795261926
0.760657278
0.556770926
0.830447092
0.604679228
0.71397383
0.633655786
0.694389799
0.668275083
0.94028119
0.789608364
0.940774656
0.608647742
0.844768179
0.823670888
0.798128504
0.769771472
0.945945946
0.634819885
0.920374371
0.911190918
0.780355764
0.642326343
0.688464272
0.78596945
0.727875617
0.6606367
0.687721567
0.857856986
0.764396962
0.788852234
0.698247513
0.899542962
0.62290018
0.828431076
0.549390304
0.650115959
0.83194
0.939091951
0.843324756
0.652912092
0.884696399
0.734718157
0.759421683
0.713181424
0.868760333
0.635112192
0.743539106
0.723184154
0.774089117
0.731064935
0.773669655
0.708574864
0.59669157
0.785495524
0.69176587
0.631966425
0.890346023
0.864364168
0.908849918
0.680235919
0.779407216
0.724732861
0.700212115
0.847019105
0.878790526
0.69241999
0.661890995
0.875497291
0.626429098
0.83390174
0.661850406
0.27493912
0.622584998
0.704141013
0.732817336
0.610207419
0.767709075
0.645603221
0.774276589
0.723224816
0.754397325
0.706978252
0.849651544
0.922301956
0.738770998
0.646789392
0.666153556
0.742820963
0.678801268
0.663504361
0.872530429
0.812256862
0.572963262
0.887077666
0.731303105
0.822910086
0.687557769
0.856251312
0.893661531
0.740523277
0.690084986
0.610213527
0.55579823
0.800986046
0.717315256
0.678255364
0.735501403
0.667961198
0.750830386
0.793085498
0.696720391
0.801894002
0.659012483
0.73978797
0.435471476
0.706044985
0.712643276
0.711371959
0.504857536
0.181720211
0.834199501
0.364931237
0.832949704
0.76265818
0.768200779
0.854946997
0.738774335
0.658835428
0.758111284
0.746617194
0.931456863
0.490314628
0.881013404
0.847072222
0.890052492
0.67754985
0.742041166
0.761585633
0.803483485
0.546871661
0.703760525
0.793022665
0.548432286
0.848510565
0.609815987
0.924242364
0.707878241
0.769490433
0.733174367
0.632525297
0.773450862
0.793185646
0.248601547
0.724984073
0.579788541
0.797996607
0.622405087
0.802617407
0.690052742
0.746361227
0.729233302
0.924727801
0.768299172
0.712550771
0.502336919
0.803551007
0.758277393
0.795310277
0.756362902
0.762859675
0.872321252
0.931403386
0.78415616
0.754642951
0.522653085
0.740935558
0.732690267
0.848939302
0.930407016
0.643258629
0.711355331
0.696644674
0.860035209
0.794773796
0.89296428
0.612434887
0.867892239
0.606721866
0.722323091
0.546450493
0.938594845
0.809764439
0.708083005
0.648272664
0.651980475
0.71812938
0.592736007
0.623590751
0.871917805
0.667985895
0.844092724
0.636647952
0.783487886
0.851516656
0.70890565
0.709630404
0.736875596
0.921941426
0.786636736
0.627044739
0.638533999
0.834029575
0.579845276
0.719294971
0.727595402
0.931122114
0.631711736
0.608353763
0.840948607
0.857929628
0.778226561
0.882932288
0.849429679
0.716927173
0.866952329
0.772588729
0.551120492
0.848281212
0.87978956
0.930628679
0.76078117
0.584837732
0.829813277
0.935516161
0.740910233
0.818749989
0.773247827
0.79664732
0.720838798
0.8298005
0.664831924
0.735171024
0.754692645
0.778537407
0.630249391
0.540805766
0.77958165
0.708020886
0.811452972
0.742299614
0.679571282
0.749720691
0.917979402
0.900948049
0.761947654
0.573225791
0.862266456
0.70949118
0.907695762
0.816180227
0.880968242
0.484230193
0.842683513
0.697948237
0.861233231
0.720041511
0.929610842
0.813304787
0.380112267
0.922337516
0.915004606
0.734271908
0.909472471
0.819551015
0.92335177
0.480620923
0.836968612
0.91306422
0.80061506
0.909387297
0.743527414
0.742751621
0.734264104
0.634843311
0.901196333
0.806191818
0.768114121
0.828807997
0.848723836
0.836464005
0.911619067
0.71863694
0.772110085
0.79933599
0.648669794
0.829129915
0.760959773
0.578473378
0.763966156
0.637656928
0.908215832
0.604265115
0.592718897
0.896888264
0.705802453
0.57883357
0.677110319
0.866063672
0.784417646
0.826402629
0.44790489
0.923760368
0.701045808
0.664427007
0.703981914
0.068796069
0.766123906
0.6823298
0.672818173
0.923418547
0.723603292
0.769491575
0.702488923
0.595199267
0.547973315
0.694234639
0.794075651
0.659914246
0.899461622
0.596113453
0.676894225
0.717095644
0.836632857
0.784025428
0.718440306
0.185651414
0.817457337
0.210163426
0.407249151
0.672630405
0.781967726
0.731007219
0.60154388
0.944307944
0.854090527
0.820003883
0.870914504
0.270567158
0.752445581
0.681493104
0.839076579
0.835053328
0.316944025
0.759365157
0.901770164
0.602380232
0.90340511
0.665611545
0.724909152
0.812925128
0.66596099
0.821976965
0.708631004
0.642205784
0.78261814
0.75242221
0.601050519
0.800463157
0.490314628
0.506530844
0.907038375
0.634762224
0.47916934
0.782418009
0.51193625
0.514691781
0.811664029
0.677784984
0.556700244
0.823516028
0.853846763
0.725413397
0.689879153
0.749592045
0.756678357
0.774532684
0.861542678
0.821825479
0.876197902
0.783181103
0.709876475
0.632306969
0.712559394
0.736612482
0.600798684
0.752340231
0.719664196
0.721261819
0.680083622
0.825489254
0.733897591
0.732980052
0.716330553
0.393399722
0.717566717
0.74689847
0.82010721
0.60705602
0.612356101
0.509233547
0.501125439
0.657642052
0.552588463
0.669749941
0.821520548
0.56149017
0.729105717
0.860648963
0.64647684
0.748796386
0.567675815
0.672492572
0.541352174
0.868114954
0.755179784
0.730935169
0.861817087
0.9150185
0.906218325
0.825998586
0.642080159
0.8078638
0.911057621
0.944444444
0.93619474
0.937633341
0.937611102
0.769227452
0.908113066
0.697310965
0.783107761
0.91405367
0.822803004
0.792368234
0.915542391
0.776375801
0.836691551
0.924261538
0.799167648
0.868825832
0.940262584
0.768886071
0.705379109
0.732859575
0.839599968
