0.103138465
0.585027396
0.179166288
0.241845121
0.826608044
0.626954971
0.643161914
0.210163426
0.765471265
0.747404879
0.852806177
0.455171514
0.692323084
0.639100139
0.723811357
0.501125439
0.761589242
0.738047227
0.660213496
0.251456027
0.652175067
0.696299465
0.71564994
0.868309774
0.773490959
0.600449001
0.861917309
0.603417934
0.653915429
0.794804579
0.755761881
0.813137161
0.642381014
0.658909445
0.703371514
0.831850508
0.799031417
0.490314628
0.79280232
0.864399407
0.692442473
0.120920575
0.847729616
0.689334192
0.576656811
0.695989973
0.796884828
0.819782403
0.824758096
0.813240967
0.766183511
0.713854224
0.704708478
0.716736933
0.756674448
0.849793941
0.795589675
0.686594121
0.78818555
0.656301919
0.823543491
0.828387526
0.688869463
0.893583562
0.937391946
0.199600848
0.477418554
0.731381506
0.892644208
0.718709241
0.65177714
0.138083144
0.832677747
0.745713971
0.6296152
0.63581673
0.672488259
0.570451121
0.82773101
0.859141459
0.743575966
0.855933718
0.776961821
0.644037748
0.460217126
0.84596458
0.832325323
0.736775181
0.685174948
0.890730138
0.928475234
0.933535226
0.664102901
0.35012285
0.720220061
0.580106388
0.678375326
0.767873475
0.605819668
0.860154802
0.149674016
0.807120904
0.556538807
0.786031635
0.694991484
0.718756603
0.856555791
0.722098197
0.7064353
0.69745317
0.856245004
0.680179695
0.719738519
0.808979525
0.764160199
0.804080583
0.856531666
0.720067524
0.689956315
0.692170946
0.784627817
0.490314628
0.845512703
0.773832242
0.878008905
0.89074385
0.8205988
0.052825553
0.777757792
0.572134978
0.652389994
0.583935103
0.807898227
0.658254399
0.758045067
0.935867394
0.786824772
0.604972358
0.83908401
0.694382291
0.114321882
0.915902103
0.774226095
0.752634755
0.693734577
0.823884748
0.678339918
0.468114442
0.619899148
0.645773042
0.606563196
0.070195195
0.498422736
0.704280808
0.619296057
0.075075075
0.751959048
0.75163556
0.80186117
0.718540396
0.649843395
0.831565785
0.448829812
0.683088714
0.748100905
0.616514734
0.704940366
0.796613158
0.905982199
0.760734652
0.041769042
0.750077576
0.937642188
0.912435162
0.793397119
0.750110497
0.667652376
0.730805967
0.696928921
0.858768952
0.081081081
0.839787684
0.622924832
0.225600601
0.785303704
0.89447179
0.903348121
0.615514347
0.836141906
0.629677217
0.77096788
0.81645045
0.690458811
0.712733024
0.929790252
0.668949455
0.623266836
0.788789974
0.512988569
0.791394044
0.709356726
0.831704881
0.716959194
0.702295118
0.820594029
0.664423192
0.606361123
0.237790736
0.827892232
0.858278583
0.87355487
0.902202226
0.691901498
0.873586272
0.90139635
0.813429916
0.027027027
0.631046123
0.860442041
0.74963308
0.835519025
0.746437165
0.54196628
0.277840694
0.807905261
0.935291496
0.692042045
0.602649272
0.726409038
0.314791678
0.750796779
0.055470243
0.723131431
0.738628803
0.794982394
0.852044308
0.783834445
0.691721022
0.05535893
0.828598828
0.921403197
0.826460643
0.237790736
0.810390938
0.770677728
0.784469489
0.754908241
0.753347937
0.893070927
0.754544573
0.794522179
0.660898076
0.627069522
0.902624793
0.498422736
0.747359061
0.907842272
0.655617295
0.91701718
0.732422293
0.778419506
0.204673423
0.746650728
0.891309351
0.620475571
0.707858147
0.85669576
0.644273153
0.690008753
0.693552519
0.697848547
0.576928945
0.769844202
0.818957218
0.728875872
0.747179067
0.73677813
0.657819595
0.362924162
0.665245045
0.778129135
0.785153804
0.800334819
0.796269532
0.63663239
0.645129085
0.496395709
0.135568129
0.819694122
0.592699566
0.70342776
0.714133628
0.713757328
0.501125439
0.345435872
0.543377049
0.514517209
0.904128098
0.793093815
0.35429936
0.75135919
0.718722544
0.737828718
0.681626639
0.662072566
0.041769042
0.656659232
0.043243243
0.754596743
0.200970635
0.67075382
0.127272333
0.694314468
0.766504142
0.810725295
0.039066339
0.791720585
0.774113242
0.844313701
0.631479644
0.75865647
0.884157654
0.716120928
0.682106271
0.724182362
0.863081871
0.801970816
0.858609681
0.829310246
0.041769042
0.605903099
0.832660776
0.795016744
0.889586636
0.051351351
0.82857082
0.833967356
0.041769042
0.081081081
0.571489831
0.729973347
0.62741204
0.761020777
0.655899959
0.60372814
0.726131404
0.639891086
0.807181453
0.603003678
0.914681452
0.062039312
0.05036855
0.180852147
0.625928194
0.702200075
0.753682682
0.079767267
0.054054054
0.198569083
0.200399263
0.767249584
0.931271342
0.71032954
0.87044458
0.412834336
0.054054054
0.731234877
0.728937454
0.762321336
0.834176593
0.893112284
0.719905515
0.131022755
0.041769042
0.122429991
0.122133497
0.688194553
0.041769042
0.825162105
0.729971869
0.069256757
0.658340421
0.605995773
0.696494097
0.799354614
0.833254842
0.704338331
0.593059097
0.702636958
0.854666028
0.085012285
0.757544714
0.575426115
0.041769042
0.727211416
0.600958183
0.495720034
0.748624384
0.415037558
0.692606759
0.860228613
0.630614243
0.660286479
0.747464326
0.815402403
0.8854494
0.852614836
0.054054054
0.055470243
0.054054054
0.725661778
0.592407993
0.9145271
0.804638665
0.790818562
0.841366602
0.621254143
0.822560181
0.849649926
0.187121033
0.749606453
0.642520088
0.806696467
0.236886865
0.102232667
0.856348066
0.670172635
0.31474109
0.76893649
0.684856911
0.661497491
0.806099182
0.585435795
0.041769042
0.834462009
0.633732678
0.147433618
0.590108358
0.385668644
0.700833252
0.016216216
0.101867084
0.072635135
0.76388181
0.79087045
0.891799538
0.842663808
0.733323298
0.885911829
0.712312447
0.041769042
0.797593232
0.784044032
0.742702301
0.761992862
0.844342981
0.810248117
0.828575953
0.760207597
0.705258321
0.885237578
0.448371448
0.859290801
0.686937693
0.056698744
0.784981178
0.625014614
0.830320436
0.849163311
0.125132693
0.07027027
0.727555436
0.172999879
0.941535285
0.89574152
0.840850116
0.755547239
0.568106198
0.668289152
0.809083398
0.732922716
0.756248365
0.850856231
0.489029868
0.842037086
0.662414736
0.905673728
0.773150264
0.470451434
0.671022733
0.822541352
0.754677716
0.055470243
0.869509682
0.039066339
0.874764931
0.819216431
0.863436334
0.723442999
0.831381671
0.054054054
0.789398943
0.141355996
0.857637607
0.824965191
0.08249727
0.945372158
0.710772788
0.603395962
0.619985079
0.172077944
0.688493296
0.360292269
0.876379645
0.847086766
0.836021391
0.044226044
0.742236663
0.719122743
0.825142003
0.191500621
0.682681732
0.676628033
0.907319865
0.817195545
0.766521077
0.114321882
0.815923029
0.054054054
0.707220546
0.272490655
0.764274095
0.551536615
0.904602977
0.675250876
0.845195286
0.80728941
0.891047934
0.586733117
0.590010591
0.823654601
0.628706795
0.876286004
0.667611134
0.627691226
0.054054054
0.749418012
0.721377683
0.562790945
0.58758503
0.193705812
0.747207519
0.653752158
0.916898337
0.789892782
0.85364572
0.67085653
0.736902832
0.939818294
0.769746164
0.630857248
0.70507823
0.658142187
0.660106996
0.882106066
0.807969469
0.073198198
0.898416315
0.054054054
0.677781358
0.836642417
0.809023465
0.751998488
0.805776778
0.752834518
0.842914378
0.635652399
0.138458519
0.891677681
0.843527016
0.716209409
0.797994957
0.775921631
0.733419804
0.751106987
0.688089369
0.647627615
0.945945946
0.800021191
0.90560303
0.760698574
0.921414935
0.54333991
0.615776524
0.759143077
0.706985946
0.819467243
0.694030008
0.70728234
0.234534535
0.660753029
0.639452083
0.700697754
0.922932149
0.731781685
0.137417706
0.867005119
0.041769042
0.624231752
0.729744384
0.834363874
0.215074423
0.855700229
0.778277361
0.66690416
0.565110417
0.333373146
0.635909463
0.888536672
0.132878483
0.490314628
0.811718087
0.906908052
0.797609879
0.728508685
0.924088862
0.939645484
0.838673302
0.594565463
0.673231687
0.815553981
0.905084517
0.638172176
0.919384902
0.853770077
0.192531021
0.740445518
0.755112815
0.759466581
0.668780205
0.756708475
0.689214898
0.392505334
0.054054054
0.096598328
0.830581512
0.454235217
0.882583206
0.711137946
0.834513273
0.407637398
0.67071115
0.887382937
0.683562875
0.689049725
0.189189189
0.67801239
0.673277223
0.041769042
0.878362085
0.875990505
0.727060692
0.85315354
0.745625827
0.943045318
0.80776614
0.820201697
0.853689238
0.920323243
0.714261078
0.911782927
0.823487016
0.925427903
0.405269556
0.81994489
0.501125439
0.619525515
0.607606704
0.041769042
0.798662436
0.027027027
0.762827025
0.708620024
0.916407897
0.683880449
0.597209007
0.582214581
0.330095033
0.908597079
0.039066339
0.782212072
0.889040954
0.668935119
0.820076167
0.632662005
0.519668983
0.68053876
0.820278168
0.442885121
0.230376399
0.725381358
0.734743068
0.877523577
0.920564156
0.724765314
0.915717991
0.694134173
0.691355725
0.498422736
0.91014651
0.607854611
0.822491352
0.860554205
0.723116292
0.770253894
0.027027027
0.672757326
0.746042084
0.768463549
0.938049069
0.360202316
0.153255528
0.652434957
0.805351976
0.501125439
0.343045483
0.858425613
0.762409284
0.935795613
0.657926545
0.354077827
0.885538964
0.813898379
0.926735014
0.850693939
0.62919136
0.794236434
0.819109662
0.784832563
0.601702714
0.822923178
0.818624263
0.800705404
0.834048881
0.900616672
0.725214806
0.805352062
0.863475201
0.647030733
0.621515319
0.791533193
0.662096401
0.924273109
0.635182358
0.797372065
0.771461498
0.62741746
0.661397178
0.711502172
0.806623591
0.70344024
0.803986993
0.73739197
0.619869393
0.679921335
0.666318296
0.739840832
0.925360423
0.736108924
0.768764029
0.601635043
0.783202111
0.793018165
0.839349541
0.85215816
0.213400901
0.82854081
0.799356729
0.711789421
0.749992818
0.845938638
0.927029132
0.641690602
0.632659458
0.602799879
0.716500554
0.645571854
0.684502401
0.647657384
0.752746982
0.742436502
0.791593211
0.931604858
0.670375612
0.858740269
0.858919616
0.571072718
0.83993578
0.793406486
0.813069469
0.628817252
0.909229431
0.881739365
0.76974304
0.673742703
0.637993575
0.666554521
0.869407981
0.714832186
0.881418591
0.81341679
0.669071442
0.770408752
0.777966403
0.870123577
0.542490156
0.666020738
0.836577912
0.808885336
0.640424335
0.600432664
0.657154094
0.705188747
0.793727855
0.879282985
0.624352974
0.733106295
0.893834681
0.882368419
0.909540907
0.651497638
0.686941627
0.811297932
0.780562221
0.900767903
0.832731101
0.689314853
0.685103021
0.726409375
0.652085878
0.910734093
0.800698218
0.761031582
0.054054054
0.842432587
0.792991437
0.684240307
0.594246441
0.700612799
0.76899201
0.79906446
0.680378981
0.650491708
0.6399256
0.934178197
0.629332113
0.629268141
0.635725752
0.705138624
0.660307934
0.799503236
0.797208189
0.742687645
0.615390791
0.773788544
0.686531923
0.791316565
0.667824345
0.605930099
0.672140129
0.735768885
0.629890172
0.766798709
0.741549183
0.623448636
0.864406869
0.572319204
0.702380015
0.675095892
0.630463078
0.750754494
0.288878378
0.280615153
0.626723247
0.674285468
0.902350832
0.673917757
0.68156262
0.657061136
0.775672581
0.797393485
0.839498967
0.648194322
0.478082789
0.678231069
0.912840111
0.680828367
0.675941062
0.663889198
0.803687432
0.027027027
0.193705812
0.680018859
0.67535602
0.736997371
0.700798934
0.495720034
0.027027027
0.524542606
0.581370537
0.673273938
0.698278077
0.75377771
0.894817213
0.787413523
0.70256327
0.571807526
0.717494994
0.676626992
0.731550238
0.684571484
0.728667832
0.808596021
0.731418495
0.73339113
0.914284822
0.794514945
0.898324888
0.861669366
0.645167856
0.664812611
0.734992937
0.743525006
0.813836267
0.732843081
0.718387772
0.794459055
0.662124579
0.663286509
0.599447103
0.670718265
0.821021373
0.883014913
0.851186394
0.6835029
0.760875392
0.720411335
0.81990008
0.896777798
0.74529932
0.892717283
0.758912261
0.731038644
0.511435749
0.605740745
0.041769042
0.687324229
0.880262671
0.721139981
0.700600681
0.626958239
0.630431613
0.723362932
0.821906494
0.744893889
0.892677286
0.842914213
0.716583005
0.769712487
0.66131133
0.743239296
0.208501537
0.667406886
0.862599871
0.801949771
0.888625636
0.343007781
0.606642409
0.726393935
0.842946059
0.576402232
0.491410318
0.694087221
0.639437341
0.642619268
0.806328458
0.220908408
0.916657399
0.652277695
0.417359891
0.880952791
0.654260667
0.549559776
0.666121472
0.67887538
0.755451531
0.83243311
0.6861415
0.660890222
0.657241859
0.676410473
0.630666841
0.774416975
0.652819748
0.728938349
0.857103143
0.879605885
0.735123731
0.844303204
0.843254411
0.773135323
0.706221846
0.204676746
0.739008617
0.844429443
0.683066848
0.880317854
0.595403837
0.903981325
0.620598023
0.633851851
0.887912524
0.87190522
0.597296532
0.747252094
0.776755041
0.767333499
0.60366571
0.519426957
0.731905176
0.114321882
0.724795283
0.705091219
0.828459375
0.726212963
0.822319605
0.572635163
0.828991343
0.850072596
0.679876706
0.778339854
0.810077544
0.783581447
0.808413474
0.79605423
0.666641513
0.826226991
0.896393419
0.659176186
0.831932335
0.799854446
0.76069662
0.705895646
0.223281891
0.76119626
0.871245259
0.490314628
0.778327967
0.790716868
0.707776163
0.558444685
0.027027027
0.708084086
0.84875889
0.805072564
0.589475222
0.600507176
0.495720034
0.69031613
0.794920853
0.664544064
0.892336002
0.940904847
0.751560524
0.700146214
0.73541083
0.790016167
0.828035143
0.676337731
0.758608016
0.80105784
0.734640441
0.881926726
0.519874932
0.641874285
0.658108979
0.748413253
0.542698429
0.705632419
0.805550444
0.672070664
0.82599671
0.665645057
0.870080138
0.827074964
0.593447753
0.221349613
0.721571309
0.731006989
0.750230373
0.858406735
0.580770119
0.770645575
0.618932356
0.73407879
0.786155287
0.723395464
0.834516406
0.888713061
0.622436985
0.616498764
0.898553535
0.673802227
0.810072914
0.844075585
0.729309686
0.501125439
0.793725774
0.767111402
0.769134565
0.829803104
0.709506979
0.784387281
0.718088971
0.458084451
0.041769042
0.339433183
0.874883171
0.496658472
0.576488437
0.597686993
0.698825181
0.747170428
0.71279196
0.549174759
0.879123236
0.577931889
0.699969349
0.836572175
0.638287816
0.501125439
0.693718156
0.756316972
0.559668408
0.666202281
0.656031044
0.700656447
0.721377729
0.835769717
0.815919208
0.881167034
0.734559687
0.771709372
0.805952356
0.608609812
0.933541072
0.59456745
0.690283245
0.701618343
0.699414545
0.625715244
0.892990265
0.871509475
0.603640206
0.491578242
0.624911347
0.640933849
0.64284325
0.659809006
0.813223862
0.824391447
0.753702657
0.819256003
0.824921147
0.658959263
0.7891685
0.60194386
0.819900051
0.573034049
0.631952517
0.715792596
0.848796276
0.804412169
0.821572539
0.180413831
0.879437437
0.732861582
0.274880673
0.509233547
0.82844311
0.577859102
0.600638768
0.501125439
0.722077605
0.910467482
0.839674297
0.802272189
0.481708982
0.730186984
0.857204634
0.847110974
0.789173616
0.747251601
0.752279362
0.896421736
0.284728059
0.713091522
0.655634412
0.671712923
0.734088973
0.831586334
0.881874532
0.499037215
0.712930433
0.79954898
0.71767988
0.58168507
0.214460483
0.027027027
0.672259913
0.788854655
0.903317942
0.766256702
0.816050557
0.699458013
0.824128744
0.671655762
0.832742112
0.928752871
0.746187507
0.64308142
0.598942872
0.890510618
0.279030638
0.736397332
0.713546839
0.271524178
0.774294582
0.214787763
0.054054054
0.501125439
0.066868598
0.383824386
0.702063892
0.909600508
0.878883205
0.831009714
0.628514308
0.72500035
0.892994184
0.768091517
0.08471881
0.314130542
0.745541184
0.645159508
0.843703821
0.578680157
0.518879249
0.708219895
0.890550669
0.701678714
0.684920027
0.806338669
0.748795432
0.849684512
0.584007071
0.155871033
0.797076743
0.787032186
0.530197325
0.063762626
0.367249394
0.675655224
0.744420086
0.661419094
0.510135135
0.639364668
0.6344307
0.027027027
0.67842103
0.729936835
0.884176394
0.486264309
0.501125439
0.919024558
0.676395764
0.799095037
0.674395417
0.758829764
0.866066114
0.657270607
0.825434367
0.490314628
0.938512429
0.923960922
0.274279283
0.65279639
0.696028185
0.728997579
0.827558401
0.016216216
0.821176797
0.862511124
0.933798366
0.651151602
0.858781935
0.938669746
0.243243243
0.753911097
0.7449633
0.70846562
0.941347598
0.803263942
0.888015927
0.797319847
0.843712449
0.705980844
0.253422167
0.719274065
0.081081081
0.70967925
0.681300974
0.68094473
0.855701366
0.843076464
0.762630888
0.76399186
0.910349298
0.236009123
0.673419007
0.652430227
0.068796069
0.639823854
0.234655575
0.621154464
0.769752041
0.176904177
0.893227114
0.911550363
0.726181635
0.911782336
0.784249041
0.777116233
0.706356079
0.709925684
0.041769042
0.829662765
0.773035901
0.902362249
0.076167076
0.719909054
0.718100499
0.176742454
0.922317269
0.862611049
0.678457187
0.501125439
0.829677378
0.117879894
0.616940713
0.751153346
0.827166256
0.259159159
0.069571301
0.027027027
0.081081081
0.787229034
0.541557945
0.643862693
0.112865856
0.568595599
0.769276051
0.027027027
0.622268255
0.041769042
0.61624724
0.052825553
0.844090445
0.041769042
0.868538161
0.334582021
0.355424848
0.804323041
0.780797063
0.864861588
0.899491264
0.778737093
0.769561381
0.917994035
0.210163426
0.888107254
0.676804981
0.911043414
0.732280396
0.712333311
0.885092322
0.196271914
0.865749475
0.757850068
0.892098108
0.870384431
0.379751426
0.252405815
0.701169477
0.228406791
0.90871335
0.480495326
0.87917814
0.748307058
0.72540976
0.652061571
0.790653113
0.809631182
0.723885168
0.220974237
0.761953119
0.470451434
0.676989383
0.719800745
0.865030988
0.677161473
0.761955563
0.047911548
0.640918055
0.903104582
0.054054054
0.764553404
0.914368056
0.628434131
0.918359216
0.658085914
0.752675085
0.612431179
0.717421893
0.528849462
0.832631141
0.86904714
0.62926845
0.877105674
0.490314628
0.704823184
0.799330285
0.725539309
0.152664771
0.681580788
0.799797485
0.286214908
0.501125439
0.081081081
0.199559072
0.908667366
0.663220166
0.852276984
0.701419886
0.856731032
0.904796158
0.108762419
0.922555495
0.8644318
0.582627352
0.638547067
0.094558369
0.753376201
0.916375841
0.800470247
0.835309166
0.58125294
0.594636108
0.593751368
0.631867937
0.877168586
0.691242205
0.838239623
0.490314628
0.415177156
0.294437265
0.28978309
0.041769042
0.051351351
0.664530749
0.825185969
0.917417722
0.068796069
0.68541979
0.920619737
0.041769042
0.041769042
0.832862151
0.914530258
0.296938094
0.551450333
0.068693694
0.5731315
0.041769042
0.072855464
0.762998034
0.575465688
0.800810772
0.718182458
0.890223657
0.850105178
0.73180243
0.930667307
0.773992303
0.355233266
0.886725863
0.749835441
0.88573837
0.748642486
0.757608466
0.568903399
0.594915027
0.874486539
0.19476809
0.862129725
0.68220781
0.863270785
0.684684498
0.74250964
0.723915422
0.932753452
0.865797363
0.775780878
0.872926768
0.764946371
0.852631112
0.039066339
0.773801608
0.736196606
0.041769042
0.719397465
0.774646226
0.712662657
0.815175746
0.515627441
0.929213936
0.765689917
0.819631264
0.679086241
0.60438621
0.662794362
0.724823803
0.890130882
0.815986618
0.041769042
0.819093022
0.812475185
0.861753242
0.041769042
0.044226044
0.593471133
0.887537972
0.759232389
0.776953311
0.041769042
0.733450068
0.848573603
0.858090831
0.72753921
0.886249107
0.858746064
0.765357685
0.8153339
0.933786817
0.209177928
0.805240466
0.931156726
0.740604555
0.733680404
0.153797499
0.793599681
0.826340778
0.798380587
0.331465538
0.786950251
0.153255528
0.783667263
0.862930704
0.615285371
0.094367737
0.931046548
0.799354503
0.800912123
0.758649873
0.813026953
0.041769042
0.776878312
0.742312656
0.533998084
0.74898822
0.698208064
0.84999655
0.030958231
0.441480602
0.204477204
0.908293009
0.027027027
0.792488794
0.068693694
0.683094188
0.203160248
0.054054054
0.640075006
0.030958231
0.608807206
0.920736227
0.055470243
0.909744727
0.939783534
0.937474844
0.19105682
0.044659432
0.096659159
0.582816808
0.877082829
0.596826902
0.233707092
0.722845067
0.826720082
0.163523813
0.041769042
0.763586457
0.682478319
0.054054054
0.854269628
0.818962147
0.814728797
0.045410183
0.069571301
0.186916216
0.724315373
0.027027027
0.027027027
0.790391219
0.712018028
0.746310424
0.501125439
0.716980624
0.717752405
0.138946507
0.493699049
0.046683047
0.298644518
0.054054054
0.081081081
0.061134999
0.041769042
0.665752154
0.078378378
0.292034115
0.036363636
0.041769042
0.05276754
0.041769042
0.030958231
0.166678785
0.765489323
0.024324324
0.8202208
0.650741598
0.039066339
0.511748635
0.164000521
0.027027027
0.734678969
0.403659999
0.041769042
0.062602375
0.046683047
0.122429991
0.081081081
0.180413831
0.652248545
0.041769042
0.684499724
0.054054054
0.162857919
0.041769042
0.054054054
0.154668304
0.054054054
0.044659432
0.058660934
0.066868598
0.069069069
0.041769042
0.041769042
0.016216216
0.117511261
0.288042768
0.027027027
0.069571301
0.745274573
0.730439935
0.051597052
0.747971538
0.804218742
0.783629402
0.845241436
0.780125917
0.495720034
0.571332444
0.319022484
0.075638138
0.671955129
0.627115772
0.688671993
0.574424894
0.713065484
0.138083144
0.765484177
0.165291033
0.765227541
0.717831704
0.6630723
0.498422736
0.691750542
0.702256019
0.027027027
0.27027027
0.637658486
0.917575292
0.836111531
0.601443
0.07027027
0.803312314
0.270841416
0.776960503
0.715467696
0.190563171
0.777093362
0.880833738
0.677459931
0.314189189
0.027027027
0.408522171
0.324461157
0.849224843
0.673441498
0.054054054
0.864408112
0.3327466
0.576726518
0.044659432
0.824534071
0.61582348
0.918631268
0.936599002
0.036363636
0.830151053
0.16568401
0.758756839
0.631358041
0.634559324
0.775470886
0.726606601
0.720184185
0.697679852
0.616352983
0.683735612
0.816079573
0.086376174
0.727857442
0.597293852
0.788959096
0.684911371
0.726984333
0.394594595
0.726812558
0.740334392
0.913554157
0.684532066
0.740751665
0.027027027
0.589713853
0.312596427
0.708038392
0.777646671
0.677227255
0.654450706
0.789273072
0.21864062
0.383697851
0.627911148
0.138083144
0.041769042
0.790942033
0.300701877
0.027027027
0.162162162
0.177686808
0.550623196
0.207440858
0.839714202
0.714669374
0.928700692
0.027027027
0.127272333
0.759007488
0.472585002
0.935759423
0.39084774
0.676159377
0.77095879
0.241067772
0.703242756
0.84151044
0.069452976
0.204703937
0.085787517
0.728122105
0.041769042
0.766598885
0.083647877
0.49204713
0.051351351
0.522388239
0.238383444
0.809555735
0.834478469
0.24777501
0.531084344
0.810690475
0.316436805
0.707664073
0.258850328
0.054054054
0.223919943
0.827073084
0.735709573
0.811939759
0.756160351
0.68280667
0.041769042
0.484175718
0.688906825
0.531155469
0.860166661
0.779199399
0.716154071
0.145390157
0.590897344
0.336452099
0.500962789
0.22854763
0.535999115
0.041769042
0.65532214
0.854862423
0.501125439
0.601318914
0.758650124
0.042751843
0.870635654
0.746364458
0.415261319
0.400242698
0.695707865
0.096598328
0.745137058
0.893380909
0.041769042
0.90261862
0.041769042
0.708776646
0.914760943
0.73486151
0.356549158
0.733664033
0.057985258
0.055470243
0.041769042
0.706393935
0.105668168
0.041769042
0.708404514
0.651016085
0.773536601
0.551726871
0.501129906
0.317320447
0.82908502
0.899068637
0.143971489
0.318087697
0.802837331
0.879531191
0.678088816
0.752968323
0.841073291
0.699991686
0.777705926
0.87299272
0.938214424
0.92392666
0.678993933
0.693350705
0.936065217
0.814543958
0.896613449
0.887304345
0.805937235
0.892451595
0.836219242
0.901121876
0.760977029
0.144339992
0.709954696
0.894941487
0.930875324
0.618598329
0.865952341
0.747605911
0.92291822
0.930466623
0.682515317
0.815762156
0.663077527
0.820756138
0.826525851
0.829348793
0.68121722
0.928042209
0.812545902
0.048548549
0.815983152
0.87354357
0.758333022
0.77858235
0.923919733
0.80820349
0.939358805
0.865314937
0.909718775
0.905076052
0.74124523
0.738526082
0.741295727
0.834445967
0.779242331
0.897484089
0.824656462
0.782398549
0.702778709
0.929576728
0.803053072
0.709058692
0.760879188
0.660217393
0.869701425
0.687875893
0.833552993
0.675030619
0.76414508
0.915102774
0.865436997
0.719247592
0.920432825
0.753136935
0.565353264
0.906974327
0.778118336
0.664904638
0.832211506
0.81329435
0.90726139
0.680354643
0.878356974
0.520921537
0.773461558
0.927736128
0.844976561
0.511241789
0.027027027
0.779396349
0.925305804
0.871497698
