43.7504
25.8311
39.3611
37.6972
33.5505
38.5721
45.8144
39.8600
40.3105
31.3050
11.0654
37.5987
44.3214
43.4473
54.1138
45.6581
34.4008
24.2932
49.9830
43.1283
46.2672
35.2109
19.8757
58.6928
25.8398
38.5888
46.9196
37.5714
30.3166
45.2200
26.4367
50.4290
39.4837
37.7880
18.6873
23.2363
40.6016
35.9281
44.4799
20.6552
64.1428
38.4864
36.7069
34.8217
19.2237
24.2771
36.8991
26.3410
29.4307
46.7550
32.9683
24.5816
22.1303
22.5315
21.9175
34.6886
55.1906
50.6329
23.7626
19.2989
41.4739
37.7131
26.4932
48.2164
8.7743
44.5594
55.9163
22.3363
43.1871
52.3559
20.6400
32.7833
14.7548
42.7514
38.0711
34.1718
43.6900
32.6498
33.9841
21.4754
35.5657
57.6215
25.6088
45.4545
49.4291
39.5129
29.2376
33.6861
27.3159
30.0717
50.8163
16.5909
28.9388
36.5898
55.5006
25.2642
30.9871
37.7404
35.2185
35.2678
38.1876
22.5002
30.7439
37.5020
29.1833
28.9170
28.8030
71.1354
37.3931
42.3784
36.9156
57.6832
68.1425
15.4099
17.5829
41.7736
32.1615
49.5700
33.2842
38.4272
48.3226
28.6566
31.0112
27.3965
36.6128
47.1069
42.6234
47.7206
37.1718
25.0286
36.1898
35.2509
19.5846
26.7949
22.8107
59.7207
55.8520
42.1903
40.1677
34.7016
50.6488
54.6735
32.1164
33.5965
45.1006
39.3006
30.7763
27.4456
29.3491
31.3539
41.8714
37.2198
36.4946
55.2309
35.3608
41.1970
48.0564
40.6854
37.3376
41.3940
48.7024
36.0242
50.4015
24.5830
20.6485
32.2984
48.4042
26.5421
35.1134
42.9179
39.5731
50.3372
25.3942
47.2046
44.9916
26.3204
33.3365
28.5432
45.7444
39.9464
42.8791
25.4551
34.7795
43.2965
59.2779
38.7539
52.2893
44.2768
37.5237
31.4597
24.5387
32.1221
31.1184
39.7462
24.0955
31.6793
46.0950
37.5905
37.4996
19.1043
40.0876
35.9189
61.3225
23.8648
29.9245
32.8459
41.1238
51.8223
30.2229
21.6630
34.7450
40.2063
43.4309
35.2656
23.4512
41.9149
40.1413
30.2884
36.9714
49.0309
37.6644
39.6932
41.1499
32.8845
46.5470
42.0663
32.6480
26.3492
27.5063
21.8268
42.7170
42.4346
36.0384
29.5834
43.1599
31.9324
16.9759
29.1227
46.3078
41.4995
29.6121
53.9568
43.0509
27.7113
48.2261
54.4988
31.5974
46.3908
29.8253
34.0723
38.0522
30.9569
47.0018
34.5431
27.0050
27.1556
34.4721
33.8583
30.8991
51.8173
42.0343
59.8039
33.2910
39.3626
32.3660
43.7587
48.0625
40.1368
30.3940
39.5579
23.5238
36.9084
41.6447
26.2210
52.7170
32.9076
35.7647
37.4659
42.3176
34.4952
39.3202
39.2685
28.1645
33.1770
45.5384
36.8197
44.6737
38.4185
33.7464
48.1924
39.8810
32.2828
22.7029
21.1136
50.8676
40.9877
46.9112
44.2952
39.1501
58.7253
47.3258
45.6788
37.5785
38.0333
51.1372
48.1892
34.7414
35.5236
45.1899
38.0025
55.0490
41.8591
46.7278
31.0752
41.7968
42.9205
14.9977
45.0170
29.9604
29.9147
33.9412
38.8141
44.0731
43.4093
40.4804
19.5129
31.9076
58.5956
68.9045
44.8552
39.8475
50.9025
36.7174
36.6275
44.0797
49.5953
41.8371
48.3571
29.4069
20.3231
37.6845
36.0555
24.9378
46.4611
24.6521
33.4543
44.1315
36.9746
19.3911
41.8233
23.7250
48.2550
43.4974
29.3049
27.5590
44.9972
35.5064
37.1984
35.9013
25.9145
23.1448
32.3964
57.7805
25.5054
49.5833
40.1631
38.0862
26.4515
46.7878
28.4929
37.3497
48.9457
52.8238
39.4611
43.3980
29.7389
30.8325
44.0863
31.4609
38.2672
32.8859
29.2226
40.9047
31.8277
33.8755
35.4673
29.6863
47.0846
37.4483
31.8627
40.6106
25.4014
32.1566
29.0231
37.2160
36.8991
34.8348
28.6449
40.9836
40.2386
47.7638
34.2839
38.4019
33.1619
34.5353
43.0805
12.1950
35.1526
7.1468
35.2160
43.7713
25.8605
46.2650
30.0440
34.1500
50.5294
46.8899
36.4985
36.7898
31.5700
28.9986
35.8280
67.9670
43.0007
31.9014
24.5073
41.0436
61.4405
34.4727
38.5736
39.5101
38.9036
37.8498
60.2381
36.4797
32.9643
46.3107
32.7778
42.5929
36.5146
33.5789
37.6794
22.0753
45.7061
52.6006
48.3527
64.6362
34.2564
44.3667
48.1941
41.3430
33.5808
27.9338
34.8764
43.8074
35.2980
40.9157
28.9653
43.1735
34.3062
24.9574
35.9813
36.5701
36.7848
50.2606
39.5302
26.4637
26.7390
33.5006
40.2696
33.7185
29.5402
39.2301
34.3118
41.9018
33.6548
37.5400
33.5841
38.1970
27.7850
26.5181
37.3998
31.6367
29.8230
13.9494
44.0925
44.2806
49.4128
23.5283
30.0131
51.3594
35.6310
25.4984
29.3433
47.2615
34.0326
29.3439
45.7568
52.6985
39.1300
57.8875
24.1155
37.8694
29.5857
44.9156
42.5224
38.3993
37.7648
23.8356
43.2521
42.4869
17.0317
25.9229
39.2380
28.2517
32.4847
39.6765
39.4329
25.8447
34.8355
31.7955
48.1786
31.8340
32.2417
48.6057
50.6834
49.3576
43.5916
35.1074
35.2086
40.3698
50.9259
38.3939
23.2767
41.8138
48.5566
54.0839
35.9627
52.3052
40.0244
25.0244
44.6937
44.4034
43.8481
39.1845
39.0101
38.8061
33.2639
37.1042
45.3438
27.2966
56.7180
30.0676
34.6524
56.8326
39.0859
35.6716
39.8164
33.5922
26.4250
51.9067
37.6994
26.1781
58.2200
46.9049
43.4749
33.3711
37.0608
29.9607
43.2742
59.0994
26.9307
31.2805
54.6479
11.3306
22.1580
51.0426
22.1938
29.5662
34.2524
55.9965
40.9735
26.8696
34.4771
27.7699
17.4633
37.4943
37.9058
38.8097
38.6379
23.6086
51.2993
35.0743
30.3710
25.0278
31.7317
21.0136
41.5816
51.1848
29.2034
44.8463
24.7678
47.7402
30.4950
30.7337
53.2553
25.8977
31.6454
29.4985
40.7537
61.4260
12.5686
46.9820
13.5431
23.0022
38.3817
35.8788
36.3591
50.0864
46.8939
27.2592
29.6963
54.4804
61.0876
31.0262
45.7493
30.2719
27.9543
62.0049
26.7437
55.1989
35.8652
46.0742
34.9393
41.7507
23.3186
39.5771
41.3484
50.8569
50.1170
46.4309
36.4436
36.6332
31.9538
24.4208
20.7465
31.9492
15.1173
21.2298
38.1950
32.9235
34.1303
33.9715
39.1074
24.7702
27.3948
40.3592
28.9502
17.5146
50.8819
28.0538
32.1541
41.6044
32.6984
44.2671
36.1204
45.3774
41.2508
44.4561
33.8374
28.9157
49.2564
48.2603
37.5124
35.3430
42.2088
12.3915
58.7231
38.0862
42.4562
36.5463
30.6767
52.6856
65.0457
57.8442
38.0923
34.1281
32.6665
42.8221
42.4333
30.3596
39.7187
47.1725
53.2692
34.8075
31.0453
49.9884
16.8436
39.1018
40.6146
35.1861
32.6138
43.1596
36.3019
49.0576
38.5221
46.5462
33.8838
31.0602
35.3458
26.5516
30.1943
36.1994
33.8483
32.0330
33.5083
40.9100
30.1810
50.8577
39.2732
32.0103
25.3324
37.9007
35.2136
33.2533
30.5419
47.6694
32.4005
26.9535
52.1256
26.5427
52.9533
39.5560
22.8352
47.2508
41.6837
59.2640
24.0652
40.8720
25.6091
45.6928
46.0642
35.2484
55.1296
25.3273
26.0811
27.7756
42.1899
48.7132
28.5662
32.3864
47.3417
20.3120
41.8514
46.2170
36.7345
35.4222
25.9259
22.5958
27.6063
46.9899
34.7436
47.2862
49.0151
30.2575
50.8805
29.2113
38.7265
40.5856
39.4405
47.1568
26.9570
30.7789
30.0313
41.0815
35.7400
35.4279
59.9738
31.5236
24.4270
34.2313
45.1264
37.5778
42.5392
43.8226
34.2143
46.0660
24.6419
46.8730
55.6786
44.6649
39.5968
47.3319
39.3248
18.0757
42.6594
50.2119
46.0692
54.7225
17.4396
45.3814
37.2214
43.6379
32.5673
37.1890
51.0930
20.7727
36.9354
14.5721
36.7558
41.1833
52.6041
16.8567
34.5107
35.7109
40.7899
30.5675
42.9897
18.7077
36.2535
14.3238
47.1026
30.1203
46.2589
24.8389
33.7578
39.9170
44.0320
41.0811
38.6742
59.2773
25.7009
35.8073
40.3863
33.2957
43.1543
33.9146
30.3371
37.9489
38.0786
29.9142
61.7578
39.1521
31.5534
28.0185
21.1800
40.7173
18.6647
42.3416
36.6951
43.6524
38.9279
39.6748
20.2836
31.0532
42.7978
18.5985
24.2864
16.6467
37.7785
39.9702
38.2014
32.4720
41.3397
40.3031
20.5600
38.5448
28.3872
48.4630
30.4231
26.6534
33.9341
43.7879
39.6780
25.6139
7.1205
40.9605
37.6256
66.2202
25.9904
30.0495
27.3769
21.5815
36.5143
39.1989
42.8493
30.2681
48.0462
34.2979
42.4372
37.0851
34.0857
34.2352
44.4270
42.9063
34.6868
35.0661
39.2946
53.0393
47.7608
44.0284
41.2807
60.3042
43.7263
31.6790
22.5175
29.6682
33.2566
14.7167
32.8989
29.9418
31.7046
43.4630
26.3864
32.5228
35.1071
32.0122
49.4067
22.4755
44.9035
47.2682
41.3207
43.9725
28.1117
39.6212
42.0001
22.1258
35.4273
39.2284
18.7211
33.8921
35.4757
47.4792
23.7031
50.9124
29.4125
35.3957
43.1756
27.3017
39.4932
33.3687
32.9320
47.0382
48.3759
46.2713
38.0018
28.6689
23.2516
44.3936
17.3776
31.2554
46.6320
41.3684
37.0169
46.4223
41.1952
27.7442
40.1928
30.3340
37.2578
34.9993
40.9186
57.1677
25.7606
32.0307
42.2529
35.9374
37.1368
49.2821
26.8184
16.2906
27.6591
68.4444
31.3662
29.6562
31.3248
32.1632
55.1454
50.5701
39.0261
21.9573
34.6587
41.2024
22.9520
42.6035
16.6101
46.9422
33.4357
51.1133
34.4858
41.3581
55.4611
17.4065
42.6967
44.1116
49.4812
44.5812
51.3018
44.9561
28.5761
